ar3:
    hardware_driver:
        serial_port: "/dev/ttyACM0" # /dev/ttyACM0
        baudrate: 9600
        encoder_steps_per_deg: # encoder steps per joint angle degree
            joint_1: 444.4444444 # default 227.5555555555556
            joint_2: 555.5555556  # default 284.4444444444444 # joint enc 22.75555555555556
            joint_3: 555.5555556  # default 284.4444444444444
            joint_4: 213.6332178 # default 223.0044444444444
            joint_5: 218.6024888 # default 56.04224675948152 # joint enc 22.75555555555556
            joint_6: 222.2222222 # default 108.0888888888889
